#MAXMODEL ASCII
# model: plc_seatrvl4a
filedependancy plc_seatrvl4a.max
newmodel plc_seatrvl4a
setsupermodel plc_seatrvl4a NULL
classification CHARACTER
setanimationscale 1
#MAXGEOM  ASCII
beginmodelgeom plc_seatrvl4a
node dummy plc_seatrvl4a
  parent NULL
endnode
node dummy animroot
  parent plc_seatrvl4a
  position 0 0 0
  orientation 0 0 1 -1.5708
endnode
node animmesh couds
  parent animroot
  ambient 1 1 1
  diffuse 1 1 1
  specular 0 0 0
  shininess 10
  bitmap airship_clouds1
  verts 25
     -95.0000000  -45.0000000    0.0000000
     -95.0000000  -90.0000000    0.0000000
     -47.5000000  -45.0000000    0.0000000
     -47.5000000  -90.0000000    0.0000000
       0.0000000  -45.0000000    0.0000000
       0.0000000  -90.0000000    0.0000000
      47.5000000  -45.0000000    0.0000000
      47.5000000  -90.0000000    0.0000000
      95.0000000  -45.0000000    0.0000000
      95.0000000  -90.0000000    0.0000000
     -95.0000000    0.0000000    0.0000000
     -47.5000000    0.0000000    0.0000000
       0.0000000    0.0000000    0.0000000
      47.5000000    0.0000000    0.0000000
      95.0000000    0.0000000    0.0000000
     -95.0000000   45.0000000    0.0000000
     -47.5000000   45.0000000    0.0000000
       0.0000000   45.0000000    0.0000000
      47.5000000   45.0000000    0.0000000
      95.0000000   45.0000000    0.0000000
     -95.0000000   90.0000000    0.0000000
     -47.5000000   90.0000000    0.0000000
       0.0000000   90.0000000    0.0000000
      47.5000000   90.0000000    0.0000000
      95.0000000   90.0000000    0.0000000
  tverts 25
      -0.1333330    0.2000000  0
      -0.1333340   -0.0999998  0
       0.1833330    0.2000000  0
       0.1833330   -0.0999999  0
       0.5000000    0.2000000  0
       0.5000000   -0.1000000  0
       0.8166670    0.2000000  0
       0.8166660   -0.1000000  0
       1.1333300    0.2000000  0
       1.1333300   -0.1000000  0
      -0.1333330    0.5000000  0
       0.1833330    0.5000000  0
       0.5000000    0.5000000  0
       0.8166670    0.5000000  0
       1.1333300    0.5000000  0
      -0.1333330    0.8000000  0
       0.1833330    0.8000000  0
       0.5000000    0.8000000  0
       0.8166670    0.8000000  0
       1.1333300    0.8000000  0
      -0.1333330    1.1000000  0
       0.1833330    1.1000000  0
       0.5000000    1.1000000  0
       0.8166670    1.1000000  0
       1.1333300    1.1000000  0
  faces 64
     0  1  2  1   0  1  2   1
     3  2  1  1   3  2  1   1
     2  3  4  1   2  3  4   1
     5  4  3  1   5  4  3   1
     4  5  6  1   4  5  6   1
     7  6  5  1   7  6  5   1
     6  7  8  1   6  7  8   1
     9  8  7  1   9  8  7   1
    10  0 11  1  10  0 11   1
     2 11  0  1   2 11  0   1
    11  2 12  1  11  2 12   1
     4 12  2  1   4 12  2   1
    12  4 13  1  12  4 13   1
     6 13  4  1   6 13  4   1
    13  6 14  1  13  6 14   1
     8 14  6  1   8 14  6   1
    15 10 16  1  15 10 16   1
    11 16 10  1  11 16 10   1
    16 11 17  1  16 11 17   1
    12 17 11  1  12 17 11   1
    17 12 18  1  17 12 18   1
    13 18 12  1  13 18 12   1
    18 13 19  1  18 13 19   1
    14 19 13  1  14 19 13   1
    20 15 21  1  20 15 21   1
    16 21 15  1  16 21 15   1
    21 16 22  1  21 16 22   1
    17 22 16  1  17 22 16   1
    22 17 23  1  22 17 23   1
    18 23 17  1  18 23 17   1
    23 18 24  1  23 18 24   1
    19 24 18  1  19 24 18   1
     0  1  2  1   0  1  2   1
     3  2  1  1   3  2  1   1
     2  3  4  1   2  3  4   1
     5  4  3  1   5  4  3   1
     4  5  6  1   4  5  6   1
     7  6  5  1   7  6  5   1
     6  7  8  1   6  7  8   1
     9  8  7  1   9  8  7   1
    10  0 11  1  10  0 11   1
     2 11  0  1   2 11  0   1
    11  2 12  1  11  2 12   1
     4 12  2  1   4 12  2   1
    12  4 13  1  12  4 13   1
     6 13  4  1   6 13  4   1
    13  6 14  1  13  6 14   1
     8 14  6  1   8 14  6   1
    15 10 16  1  15 10 16   1
    11 16 10  1  11 16 10   1
    16 11 17  1  16 11 17   1
    12 17 11  1  12 17 11   1
    17 12 18  1  17 12 18   1
    13 18 12  1  13 18 12   1
    18 13 19  1  18 13 19   1
    14 19 13  1  14 19 13   1
    20 15 21  1  20 15 21   1
    16 21 15  1  16 21 15   1
    21 16 22  1  21 16 22   1
    17 22 16  1  17 22 16   1
    22 17 23  1  22 17 23   1
    18 23 17  1  18 23 17   1
    23 18 24  1  23 18 24   1
    19 24 18  1  19 24 18   1
  sampleperiod 0
  position 0 0 0
  orientation 0 0 0 0
endnode
node animmesh couds01
  parent animroot
  ambient 1 1 1
  diffuse 1 1 1
  specular 0 0 0
  shininess 10
  bitmap airship_clouds2
  verts 25
     -95.0000000  -45.0000000    0.0000000
     -95.0000000  -90.0000000    0.0000000
     -47.5000000  -45.0000000    0.0000000
     -47.5000000  -90.0000000    0.0000000
       0.0000000  -45.0000000    0.0000000
       0.0000000  -90.0000000    0.0000000
      47.5000000  -45.0000000    0.0000000
      47.5000000  -90.0000000    0.0000000
      95.0000000  -45.0000000    0.0000000
      95.0000000  -90.0000000    0.0000000
     -95.0000000    0.0000000    0.0000000
     -47.5000000    0.0000000    0.0000000
       0.0000000    0.0000000    0.0000000
      47.5000000    0.0000000    0.0000000
      95.0000000    0.0000000    0.0000000
     -95.0000000   45.0000000    0.0000000
     -47.5000000   45.0000000    0.0000000
       0.0000000   45.0000000    0.0000000
      47.5000000   45.0000000    0.0000000
      95.0000000   45.0000000    0.0000000
     -95.0000000   90.0000000    0.0000000
     -47.5000000   90.0000000    0.0000000
       0.0000000   90.0000000    0.0000000
      47.5000000   90.0000000    0.0000000
      95.0000000   90.0000000    0.0000000
  tverts 25
      -0.1333330    0.2000000  0
      -0.1333340   -0.0999998  0
       0.1833330    0.2000000  0
       0.1833330   -0.0999999  0
       0.5000000    0.2000000  0
       0.5000000   -0.1000000  0
       0.8166670    0.2000000  0
       0.8166660   -0.1000000  0
       1.1333300    0.2000000  0
       1.1333300   -0.1000000  0
      -0.1333330    0.5000000  0
       0.1833330    0.5000000  0
       0.5000000    0.5000000  0
       0.8166670    0.5000000  0
       1.1333300    0.5000000  0
      -0.1333330    0.8000000  0
       0.1833330    0.8000000  0
       0.5000000    0.8000000  0
       0.8166670    0.8000000  0
       1.1333300    0.8000000  0
      -0.1333330    1.1000000  0
       0.1833330    1.1000000  0
       0.5000000    1.1000000  0
       0.8166670    1.1000000  0
       1.1333300    1.1000000  0
  faces 64
     0  1  2  1   0  1  2   1
     3  2  1  1   3  2  1   1
     2  3  4  1   2  3  4   1
     5  4  3  1   5  4  3   1
     4  5  6  1   4  5  6   1
     7  6  5  1   7  6  5   1
     6  7  8  1   6  7  8   1
     9  8  7  1   9  8  7   1
    10  0 11  1  10  0 11   1
     2 11  0  1   2 11  0   1
    11  2 12  1  11  2 12   1
     4 12  2  1   4 12  2   1
    12  4 13  1  12  4 13   1
     6 13  4  1   6 13  4   1
    13  6 14  1  13  6 14   1
     8 14  6  1   8 14  6   1
    15 10 16  1  15 10 16   1
    11 16 10  1  11 16 10   1
    16 11 17  1  16 11 17   1
    12 17 11  1  12 17 11   1
    17 12 18  1  17 12 18   1
    13 18 12  1  13 18 12   1
    18 13 19  1  18 13 19   1
    14 19 13  1  14 19 13   1
    20 15 21  1  20 15 21   1
    16 21 15  1  16 21 15   1
    21 16 22  1  21 16 22   1
    17 22 16  1  17 22 16   1
    22 17 23  1  22 17 23   1
    18 23 17  1  18 23 17   1
    23 18 24  1  23 18 24   1
    19 24 18  1  19 24 18   1
     0  1  2  1   0  1  2   1
     3  2  1  1   3  2  1   1
     2  3  4  1   2  3  4   1
     5  4  3  1   5  4  3   1
     4  5  6  1   4  5  6   1
     7  6  5  1   7  6  5   1
     6  7  8  1   6  7  8   1
     9  8  7  1   9  8  7   1
    10  0 11  1  10  0 11   1
     2 11  0  1   2 11  0   1
    11  2 12  1  11  2 12   1
     4 12  2  1   4 12  2   1
    12  4 13  1  12  4 13   1
     6 13  4  1   6 13  4   1
    13  6 14  1  13  6 14   1
     8 14  6  1   8 14  6   1
    15 10 16  1  15 10 16   1
    11 16 10  1  11 16 10   1
    16 11 17  1  16 11 17   1
    12 17 11  1  12 17 11   1
    17 12 18  1  17 12 18   1
    13 18 12  1  13 18 12   1
    18 13 19  1  18 13 19   1
    14 19 13  1  14 19 13   1
    20 15 21  1  20 15 21   1
    16 21 15  1  16 21 15   1
    21 16 22  1  21 16 22   1
    17 22 16  1  17 22 16   1
    22 17 23  1  22 17 23   1
    18 23 17  1  18 23 17   1
    23 18 24  1  23 18 24   1
    19 24 18  1  19 24 18   1
  sampleperiod 0
  position 0 0 -15.8662
  orientation 0 0 0 0
endnode
node animmesh couds02
  parent animroot
  ambient 1 1 1
  diffuse 1 1 1
  specular 0 0 0
  shininess 10
  bitmap airship_clouds3
  verts 25
     -95.0000000  -45.0000000    0.0000000
     -95.0000000  -90.0000000    0.0000000
     -47.5000000  -45.0000000    0.0000000
     -47.5000000  -90.0000000    0.0000000
       0.0000000  -45.0000000    0.0000000
       0.0000000  -90.0000000    0.0000000
      47.5000000  -45.0000000    0.0000000
      47.5000000  -90.0000000    0.0000000
      95.0000000  -45.0000000    0.0000000
      95.0000000  -90.0000000    0.0000000
     -95.0000000    0.0000000    0.0000000
     -47.5000000    0.0000000    0.0000000
       0.0000000    0.0000000    0.0000000
      47.5000000    0.0000000    0.0000000
      95.0000000    0.0000000    0.0000000
     -95.0000000   45.0000000    0.0000000
     -47.5000000   45.0000000    0.0000000
       0.0000000   45.0000000    0.0000000
      47.5000000   45.0000000    0.0000000
      95.0000000   45.0000000    0.0000000
     -95.0000000   90.0000000    0.0000000
     -47.5000000   90.0000000    0.0000000
       0.0000000   90.0000000    0.0000000
      47.5000000   90.0000000    0.0000000
      95.0000000   90.0000000    0.0000000
  tverts 25
      -0.1333330    0.2000000  0
      -0.1333340   -0.0999998  0
       0.1833330    0.2000000  0
       0.1833330   -0.0999999  0
       0.5000000    0.2000000  0
       0.5000000   -0.1000000  0
       0.8166670    0.2000000  0
       0.8166660   -0.1000000  0
       1.1333300    0.2000000  0
       1.1333300   -0.1000000  0
      -0.1333330    0.5000000  0
       0.1833330    0.5000000  0
       0.5000000    0.5000000  0
       0.8166670    0.5000000  0
       1.1333300    0.5000000  0
      -0.1333330    0.8000000  0
       0.1833330    0.8000000  0
       0.5000000    0.8000000  0
       0.8166670    0.8000000  0
       1.1333300    0.8000000  0
      -0.1333330    1.1000000  0
       0.1833330    1.1000000  0
       0.5000000    1.1000000  0
       0.8166670    1.1000000  0
       1.1333300    1.1000000  0
  faces 64
     0  1  2  1   0  1  2   1
     3  2  1  1   3  2  1   1
     2  3  4  1   2  3  4   1
     5  4  3  1   5  4  3   1
     4  5  6  1   4  5  6   1
     7  6  5  1   7  6  5   1
     6  7  8  1   6  7  8   1
     9  8  7  1   9  8  7   1
    10  0 11  1  10  0 11   1
     2 11  0  1   2 11  0   1
    11  2 12  1  11  2 12   1
     4 12  2  1   4 12  2   1
    12  4 13  1  12  4 13   1
     6 13  4  1   6 13  4   1
    13  6 14  1  13  6 14   1
     8 14  6  1   8 14  6   1
    15 10 16  1  15 10 16   1
    11 16 10  1  11 16 10   1
    16 11 17  1  16 11 17   1
    12 17 11  1  12 17 11   1
    17 12 18  1  17 12 18   1
    13 18 12  1  13 18 12   1
    18 13 19  1  18 13 19   1
    14 19 13  1  14 19 13   1
    20 15 21  1  20 15 21   1
    16 21 15  1  16 21 15   1
    21 16 22  1  21 16 22   1
    17 22 16  1  17 22 16   1
    22 17 23  1  22 17 23   1
    18 23 17  1  18 23 17   1
    23 18 24  1  23 18 24   1
    19 24 18  1  19 24 18   1
     0  1  2  1   0  1  2   1
     3  2  1  1   3  2  1   1
     2  3  4  1   2  3  4   1
     5  4  3  1   5  4  3   1
     4  5  6  1   4  5  6   1
     7  6  5  1   7  6  5   1
     6  7  8  1   6  7  8   1
     9  8  7  1   9  8  7   1
    10  0 11  1  10  0 11   1
     2 11  0  1   2 11  0   1
    11  2 12  1  11  2 12   1
     4 12  2  1   4 12  2   1
    12  4 13  1  12  4 13   1
     6 13  4  1   6 13  4   1
    13  6 14  1  13  6 14   1
     8 14  6  1   8 14  6   1
    15 10 16  1  15 10 16   1
    11 16 10  1  11 16 10   1
    16 11 17  1  16 11 17   1
    12 17 11  1  12 17 11   1
    17 12 18  1  17 12 18   1
    13 18 12  1  13 18 12   1
    18 13 19  1  18 13 19   1
    14 19 13  1  14 19 13   1
    20 15 21  1  20 15 21   1
    16 21 15  1  16 21 15   1
    21 16 22  1  21 16 22   1
    17 22 16  1  17 22 16   1
    22 17 23  1  22 17 23   1
    18 23 17  1  18 23 17   1
    23 18 24  1  23 18 24   1
    19 24 18  1  19 24 18   1
  sampleperiod 0
  position 0 0 -39.4231
  orientation 0 0 0 0
endnode
node trimesh NGon01
  parent plc_seatrvl4a
  ambient 1 1 1
  diffuse 1 1 1
  specular 0 0 0
  shininess 1
  shadow 0
  render 0
  bitmap NULL
  verts 3
       2.4000001    0.0000000    0.0000000
      -1.2000000    2.0799999    0.0000000
      -1.2000000   -2.0799999    0.0000000
  faces 1
    0 1 2  1        0       0       0   1
  position -9.97188 0 1.56606
  orientation 0 0 -1 -3.14159
  scale 1
  alpha 1
endnode
endmodelgeom plc_seatrvl4a

#MAXANIM ASCII
newanim default plc_seatrvl4a
  length 6.63333
  transtime 0.25
  animroot plc_seatrvl4a
  node dummy plc_seatrvl4a
    parent NULL
  endnode
  node dummy animroot
    parent plc_seatrvl4a
  endnode
  node animmesh couds
    parent animroot
    ambient 0.2 0.2 0.2
    diffuse 0.8 0.8 0.8
    specular 0 0 0
    shininess 1
    bitmap airship_clouds1
    verts 25
       -95.0000000  -45.0000000    0.0000000
       -95.0000000  -90.0000000    0.0000000
       -47.5000000  -45.0000000    0.0000000
       -47.5000000  -90.0000000    0.0000000
         0.0000000  -45.0000000    0.0000000
         0.0000000  -90.0000000    0.0000000
        47.5000000  -45.0000000    0.0000000
        47.5000000  -90.0000000    0.0000000
        95.0000000  -45.0000000    0.0000000
        95.0000000  -90.0000000    0.0000000
       -95.0000000    0.0000000    0.0000000
       -47.5000000    0.0000000    0.0000000
         0.0000000    0.0000000    0.0000000
        47.5000000    0.0000000    0.0000000
        95.0000000    0.0000000    0.0000000
       -95.0000000   45.0000000    0.0000000
       -47.5000000   45.0000000    0.0000000
         0.0000000   45.0000000    0.0000000
        47.5000000   45.0000000    0.0000000
        95.0000000   45.0000000    0.0000000
       -95.0000000   90.0000000    0.0000000
       -47.5000000   90.0000000    0.0000000
         0.0000000   90.0000000    0.0000000
        47.5000000   90.0000000    0.0000000
        95.0000000   90.0000000    0.0000000
    tverts 25
        -0.1333330    0.2000000  0
        -0.1333340   -0.0999998  0
         0.1833330    0.2000000  0
         0.1833330   -0.0999999  0
         0.5000000    0.2000000  0
         0.5000000   -0.1000000  0
         0.8166670    0.2000000  0
         0.8166660   -0.1000000  0
         1.1333300    0.2000000  0
         1.1333300   -0.1000000  0
        -0.1333330    0.5000000  0
         0.1833330    0.5000000  0
         0.5000000    0.5000000  0
         0.8166670    0.5000000  0
         1.1333300    0.5000000  0
        -0.1333330    0.8000000  0
         0.1833330    0.8000000  0
         0.5000000    0.8000000  0
         0.8166670    0.8000000  0
         1.1333300    0.8000000  0
        -0.1333330    1.1000000  0
         0.1833330    1.1000000  0
         0.5000000    1.1000000  0
         0.8166670    1.1000000  0
         1.1333300    1.1000000  0
    faces 32
       0  1  2  1   0  1  2   1
       3  2  1  1   3  2  1   1
       2  3  4  1   2  3  4   1
       5  4  3  1   5  4  3   1
       4  5  6  1   4  5  6   1
       7  6  5  1   7  6  5   1
       6  7  8  1   6  7  8   1
       9  8  7  1   9  8  7   1
      10  0 11  1  10  0 11   1
       2 11  0  1   2 11  0   1
      11  2 12  1  11  2 12   1
       4 12  2  1   4 12  2   1
      12  4 13  1  12  4 13   1
       6 13  4  1   6 13  4   1
      13  6 14  1  13  6 14   1
       8 14  6  1   8 14  6   1
      15 10 16  1  15 10 16   1
      11 16 10  1  11 16 10   1
      16 11 17  1  16 11 17   1
      12 17 11  1  12 17 11   1
      17 12 18  1  17 12 18   1
      13 18 12  1  13 18 12   1
      18 13 19  1  18 13 19   1
      14 19 13  1  14 19 13   1
      20 15 21  1  20 15 21   1
      16 21 15  1  16 21 15   1
      21 16 22  1  21 16 22   1
      17 22 16  1  17 22 16   1
      22 17 23  1  22 17 23   1
      18 23 17  1  18 23 17   1
      23 18 24  1  23 18 24   1
      19 24 18  1  19 24 18   1
    sampleperiod 0.737037
    animverts 250
       -95.0000000  -45.0000000    0.0000000
       -95.0000000  -90.0000000    0.0000000
       -47.5000000  -45.0000000    0.0000000
       -47.5000000  -90.0000000    0.0000000
         0.0000000  -45.0000000    0.0000000
         0.0000000  -90.0000000    0.0000000
        47.5000000  -45.0000000    0.0000000
        47.5000000  -90.0000000    0.0000000
        95.0000000  -45.0000000    0.0000000
        95.0000000  -90.0000000    0.0000000
       -95.0000000    0.0000000    0.0000000
       -47.5000000    0.0000000    0.0000000
         0.0000000    0.0000000    0.0000000
        47.5000000    0.0000000    0.0000000
        95.0000000    0.0000000    0.0000000
       -95.0000000   45.0000000    0.0000000
       -47.5000000   45.0000000    0.0000000
         0.0000000   45.0000000    0.0000000
        47.5000000   45.0000000    0.0000000
        95.0000000   45.0000000    0.0000000
       -95.0000000   90.0000000    0.0000000
       -47.5000000   90.0000000    0.0000000
         0.0000000   90.0000000    0.0000000
        47.5000000   90.0000000    0.0000000
        95.0000000   90.0000000    0.0000000
       -95.0000000  -45.0000000    0.0000000
       -95.0000000  -90.0000000    0.0000000
       -47.5000000  -45.0000000    0.0000000
       -47.5000000  -90.0000000    0.0000000
         0.0000000  -45.0000000    0.0000000
         0.0000000  -90.0000000    0.0000000
        47.5000000  -45.0000000    0.0000000
        47.5000000  -90.0000000    0.0000000
        95.0000000  -45.0000000    0.0000000
        95.0000000  -90.0000000    0.0000000
       -95.0000000    0.0000000    0.0000000
       -47.5000000    0.0000000    0.0000000
         0.0000000    0.0000000    0.0000000
        47.5000000    0.0000000    0.0000000
        95.0000000    0.0000000    0.0000000
       -95.0000000   45.0000000    0.0000000
       -47.5000000   45.0000000    0.0000000
         0.0000000   45.0000000    0.0000000
        47.5000000   45.0000000    0.0000000
        95.0000000   45.0000000    0.0000000
       -95.0000000   90.0000000    0.0000000
       -47.5000000   90.0000000    0.0000000
         0.0000000   90.0000000    0.0000000
        47.5000000   90.0000000    0.0000000
        95.0000000   90.0000000    0.0000000
       -95.0000000  -45.0000000    0.0000000
       -95.0000000  -90.0000000    0.0000000
       -47.5000000  -45.0000000    0.0000000
       -47.5000000  -90.0000000    0.0000000
         0.0000000  -45.0000000    0.0000000
         0.0000000  -90.0000000    0.0000000
        47.5000000  -45.0000000    0.0000000
        47.5000000  -90.0000000    0.0000000
        95.0000000  -45.0000000    0.0000000
        95.0000000  -90.0000000    0.0000000
       -95.0000000    0.0000000    0.0000000
       -47.5000000    0.0000000    0.0000000
         0.0000000    0.0000000    0.0000000
        47.5000000    0.0000000    0.0000000
        95.0000000    0.0000000    0.0000000
       -95.0000000   45.0000000    0.0000000
       -47.5000000   45.0000000    0.0000000
         0.0000000   45.0000000    0.0000000
        47.5000000   45.0000000    0.0000000
        95.0000000   45.0000000    0.0000000
       -95.0000000   90.0000000    0.0000000
       -47.5000000   90.0000000    0.0000000
         0.0000000   90.0000000    0.0000000
        47.5000000   90.0000000    0.0000000
        95.0000000   90.0000000    0.0000000
       -95.0000000  -45.0000000    0.0000000
       -95.0000000  -90.0000000    0.0000000
       -47.5000000  -45.0000000    0.0000000
       -47.5000000  -90.0000000    0.0000000
         0.0000000  -45.0000000    0.0000000
         0.0000000  -90.0000000    0.0000000
        47.5000000  -45.0000000    0.0000000
        47.5000000  -90.0000000    0.0000000
        95.0000000  -45.0000000    0.0000000
        95.0000000  -90.0000000    0.0000000
       -95.0000000    0.0000000    0.0000000
       -47.5000000    0.0000000    0.0000000
         0.0000000    0.0000000    0.0000000
        47.5000000    0.0000000    0.0000000
        95.0000000    0.0000000    0.0000000
       -95.0000000   45.0000000    0.0000000
       -47.5000000   45.0000000    0.0000000
         0.0000000   45.0000000    0.0000000
        47.5000000   45.0000000    0.0000000
        95.0000000   45.0000000    0.0000000
       -95.0000000   90.0000000    0.0000000
       -47.5000000   90.0000000    0.0000000
         0.0000000   90.0000000    0.0000000
        47.5000000   90.0000000    0.0000000
        95.0000000   90.0000000    0.0000000
       -95.0000000  -45.0000000    0.0000000
       -95.0000000  -90.0000000    0.0000000
       -47.5000000  -45.0000000    0.0000000
       -47.5000000  -90.0000000    0.0000000
         0.0000000  -45.0000000    0.0000000
         0.0000000  -90.0000000    0.0000000
        47.5000000  -45.0000000    0.0000000
        47.5000000  -90.0000000    0.0000000
        95.0000000  -45.0000000    0.0000000
        95.0000000  -90.0000000    0.0000000
       -95.0000000    0.0000000    0.0000000
       -47.5000000    0.0000000    0.0000000
         0.0000000    0.0000000    0.0000000
        47.5000000    0.0000000    0.0000000
        95.0000000    0.0000000    0.0000000
       -95.0000000   45.0000000    0.0000000
       -47.5000000   45.0000000    0.0000000
         0.0000000   45.0000000    0.0000000
        47.5000000   45.0000000    0.0000000
        95.0000000   45.0000000    0.0000000
       -95.0000000   90.0000000    0.0000000
       -47.5000000   90.0000000    0.0000000
         0.0000000   90.0000000    0.0000000
        47.5000000   90.0000000    0.0000000
        95.0000000   90.0000000    0.0000000
       -95.0000000  -45.0000000    0.0000000
       -95.0000000  -90.0000000    0.0000000
       -47.5000000  -45.0000000    0.0000000
       -47.5000000  -90.0000000    0.0000000
         0.0000000  -45.0000000    0.0000000
         0.0000000  -90.0000000    0.0000000
        47.5000000  -45.0000000    0.0000000
        47.5000000  -90.0000000    0.0000000
        95.0000000  -45.0000000    0.0000000
        95.0000000  -90.0000000    0.0000000
       -95.0000000    0.0000000    0.0000000
       -47.5000000    0.0000000    0.0000000
         0.0000000    0.0000000    0.0000000
        47.5000000    0.0000000    0.0000000
        95.0000000    0.0000000    0.0000000
       -95.0000000   45.0000000    0.0000000
       -47.5000000   45.0000000    0.0000000
         0.0000000   45.0000000    0.0000000
        47.5000000   45.0000000    0.0000000
        95.0000000   45.0000000    0.0000000
       -95.0000000   90.0000000    0.0000000
       -47.5000000   90.0000000    0.0000000
         0.0000000   90.0000000    0.0000000
        47.5000000   90.0000000    0.0000000
        95.0000000   90.0000000    0.0000000
       -95.0000000  -45.0000000    0.0000000
       -95.0000000  -90.0000000    0.0000000
       -47.5000000  -45.0000000    0.0000000
       -47.5000000  -90.0000000    0.0000000
         0.0000000  -45.0000000    0.0000000
         0.0000000  -90.0000000    0.0000000
        47.5000000  -45.0000000    0.0000000
        47.5000000  -90.0000000    0.0000000
        95.0000000  -45.0000000    0.0000000
        95.0000000  -90.0000000    0.0000000
       -95.0000000    0.0000000    0.0000000
       -47.5000000    0.0000000    0.0000000
         0.0000000    0.0000000    0.0000000
        47.5000000    0.0000000    0.0000000
        95.0000000    0.0000000    0.0000000
       -95.0000000   45.0000000    0.0000000
       -47.5000000   45.0000000    0.0000000
         0.0000000   45.0000000    0.0000000
        47.5000000   45.0000000    0.0000000
        95.0000000   45.0000000    0.0000000
       -95.0000000   90.0000000    0.0000000
       -47.5000000   90.0000000    0.0000000
         0.0000000   90.0000000    0.0000000
        47.5000000   90.0000000    0.0000000
        95.0000000   90.0000000    0.0000000
       -95.0000000  -45.0000000    0.0000000
       -95.0000000  -90.0000000    0.0000000
       -47.5000000  -45.0000000    0.0000000
       -47.5000000  -90.0000000    0.0000000
         0.0000000  -45.0000000    0.0000000
         0.0000000  -90.0000000    0.0000000
        47.5000000  -45.0000000    0.0000000
        47.5000000  -90.0000000    0.0000000
        95.0000000  -45.0000000    0.0000000
        95.0000000  -90.0000000    0.0000000
       -95.0000000    0.0000000    0.0000000
       -47.5000000    0.0000000    0.0000000
         0.0000000    0.0000000    0.0000000
        47.5000000    0.0000000    0.0000000
        95.0000000    0.0000000    0.0000000
       -95.0000000   45.0000000    0.0000000
       -47.5000000   45.0000000    0.0000000
         0.0000000   45.0000000    0.0000000
        47.5000000   45.0000000    0.0000000
        95.0000000   45.0000000    0.0000000
       -95.0000000   90.0000000    0.0000000
       -47.5000000   90.0000000    0.0000000
         0.0000000   90.0000000    0.0000000
        47.5000000   90.0000000    0.0000000
        95.0000000   90.0000000    0.0000000
       -95.0000000  -45.0000000    0.0000000
       -95.0000000  -90.0000000    0.0000000
       -47.5000000  -45.0000000    0.0000000
       -47.5000000  -90.0000000    0.0000000
         0.0000000  -45.0000000    0.0000000
         0.0000000  -90.0000000    0.0000000
        47.5000000  -45.0000000    0.0000000
        47.5000000  -90.0000000    0.0000000
        95.0000000  -45.0000000    0.0000000
        95.0000000  -90.0000000    0.0000000
       -95.0000000    0.0000000    0.0000000
       -47.5000000    0.0000000    0.0000000
         0.0000000    0.0000000    0.0000000
        47.5000000    0.0000000    0.0000000
        95.0000000    0.0000000    0.0000000
       -95.0000000   45.0000000    0.0000000
       -47.5000000   45.0000000    0.0000000
         0.0000000   45.0000000    0.0000000
        47.5000000   45.0000000    0.0000000
        95.0000000   45.0000000    0.0000000
       -95.0000000   90.0000000    0.0000000
       -47.5000000   90.0000000    0.0000000
         0.0000000   90.0000000    0.0000000
        47.5000000   90.0000000    0.0000000
        95.0000000   90.0000000    0.0000000
       -95.0000000  -45.0000000    0.0000000
       -95.0000000  -90.0000000    0.0000000
       -47.5000000  -45.0000000    0.0000000
       -47.5000000  -90.0000000    0.0000000
         0.0000000  -45.0000000    0.0000000
         0.0000000  -90.0000000    0.0000000
        47.5000000  -45.0000000    0.0000000
        47.5000000  -90.0000000    0.0000000
        95.0000000  -45.0000000    0.0000000
        95.0000000  -90.0000000    0.0000000
       -95.0000000    0.0000000    0.0000000
       -47.5000000    0.0000000    0.0000000
         0.0000000    0.0000000    0.0000000
        47.5000000    0.0000000    0.0000000
        95.0000000    0.0000000    0.0000000
       -95.0000000   45.0000000    0.0000000
       -47.5000000   45.0000000    0.0000000
         0.0000000   45.0000000    0.0000000
        47.5000000   45.0000000    0.0000000
        95.0000000   45.0000000    0.0000000
       -95.0000000   90.0000000    0.0000000
       -47.5000000   90.0000000    0.0000000
         0.0000000   90.0000000    0.0000000
        47.5000000   90.0000000    0.0000000
        95.0000000   90.0000000    0.0000000
    animtverts 250
        -0.1333330    0.2000000  0
        -0.1333340   -0.0999998  0
         0.1833330    0.2000000  0
         0.1833330   -0.0999999  0
         0.5000000    0.2000000  0
         0.5000000   -0.1000000  0
         0.8166670    0.2000000  0
         0.8166660   -0.1000000  0
         1.1333300    0.2000000  0
         1.1333300   -0.1000000  0
        -0.1333330    0.5000000  0
         0.1833330    0.5000000  0
         0.5000000    0.5000000  0
         0.8166670    0.5000000  0
         1.1333300    0.5000000  0
        -0.1333330    0.8000000  0
         0.1833330    0.8000000  0
         0.5000000    0.8000000  0
         0.8166670    0.8000000  0
         1.1333300    0.8000000  0
        -0.1333330    1.1000000  0
         0.1833330    1.1000000  0
         0.5000000    1.1000000  0
         0.8166670    1.1000000  0
         1.1333300    1.1000000  0
        -0.1333330   -0.0168318  0
        -0.1333340   -0.3168320  0
         0.1833330   -0.0168319  0
         0.1833330   -0.3168320  0
         0.5000000   -0.0168320  0
         0.5000000   -0.3168320  0
         0.8166670   -0.0168321  0
         0.8166660   -0.3168320  0
         1.1333300   -0.0168321  0
         1.1333300   -0.3168320  0
        -0.1333330    0.2831680  0
         0.1833330    0.2831680  0
         0.5000000    0.2831680  0
         0.8166670    0.2831680  0
         1.1333300    0.2831680  0
        -0.1333330    0.5831680  0
         0.1833330    0.5831680  0
         0.5000000    0.5831680  0
         0.8166670    0.5831680  0
         1.1333300    0.5831680  0
        -0.1333330    0.8831680  0
         0.1833330    0.8831680  0
         0.5000000    0.8831680  0
         0.8166670    0.8831680  0
         1.1333300    0.8831680  0
        -0.1333330   -0.2400000  0
        -0.1333340   -0.5400000  0
         0.1833330   -0.2400000  0
         0.1833330   -0.5400000  0
         0.5000000   -0.2400000  0
         0.5000000   -0.5400000  0
         0.8166670   -0.2400000  0
         0.8166660   -0.5400000  0
         1.1333300   -0.2400000  0
         1.1333300   -0.5400000  0
        -0.1333330    0.0600002  0
         0.1833330    0.0600001  0
         0.5000000    0.0600000  0
         0.8166670    0.0599999  0
         1.1333300    0.0599999  0
        -0.1333330    0.3600000  0
         0.1833330    0.3600000  0
         0.5000000    0.3600000  0
         0.8166670    0.3600000  0
         1.1333300    0.3600000  0
        -0.1333330    0.6600000  0
         0.1833330    0.6600000  0
         0.5000000    0.6600000  0
         0.8166670    0.6600000  0
         1.1333300    0.6600000  0
        -0.1333330   -0.4600000  0
        -0.1333340   -0.7600000  0
         0.1833330   -0.4600000  0
         0.1833330   -0.7600000  0
         0.5000000   -0.4600000  0
         0.5000000   -0.7600000  0
         0.8166670   -0.4600000  0
         0.8166660   -0.7600000  0
         1.1333300   -0.4600000  0
         1.1333300   -0.7600000  0
        -0.1333330   -0.1600000  0
         0.1833330   -0.1600000  0
         0.5000000   -0.1600000  0
         0.8166670   -0.1600000  0
         1.1333300   -0.1600000  0
        -0.1333330    0.1400000  0
         0.1833330    0.1400000  0
         0.5000000    0.1400000  0
         0.8166670    0.1400000  0
         1.1333300    0.1400000  0
        -0.1333330    0.4400000  0
         0.1833330    0.4400000  0
         0.5000000    0.4400000  0
         0.8166670    0.4400000  0
         1.1333300    0.4400000  0
        -0.1333330   -0.6800000  0
        -0.1333340   -0.9800000  0
         0.1833330   -0.6800000  0
         0.1833330   -0.9800000  0
         0.5000000   -0.6800000  0
         0.5000000   -0.9800000  0
         0.8166670   -0.6800000  0
         0.8166660   -0.9800000  0
         1.1333300   -0.6800000  0
         1.1333300   -0.9800000  0
        -0.1333330   -0.3800000  0
         0.1833330   -0.3800000  0
         0.5000000   -0.3800000  0
         0.8166670   -0.3800000  0
         1.1333300   -0.3800000  0
        -0.1333330   -0.0799998  0
         0.1833330   -0.0799999  0
         0.5000000   -0.0800000  0
         0.8166670   -0.0800000  0
         1.1333300   -0.0800002  0
        -0.1333330    0.2200000  0
         0.1833330    0.2200000  0
         0.5000000    0.2200000  0
         0.8166670    0.2200000  0
         1.1333300    0.2200000  0
        -0.1333330   -0.9000000  0
        -0.1333340   -1.2000000  0
         0.1833330   -0.9000000  0
         0.1833330   -1.2000000  0
         0.5000000   -0.9000000  0
         0.5000000   -1.2000000  0
         0.8166670   -0.9000000  0
         0.8166660   -1.2000000  0
         1.1333300   -0.9000000  0
         1.1333300   -1.2000000  0
        -0.1333330   -0.6000000  0
         0.1833330   -0.6000000  0
         0.5000000   -0.6000000  0
         0.8166670   -0.6000000  0
         1.1333300   -0.6000000  0
        -0.1333330   -0.3000000  0
         0.1833330   -0.3000000  0
         0.5000000   -0.3000000  0
         0.8166670   -0.3000000  0
         1.1333300   -0.3000000  0
        -0.1333330    0.0000001  0
         0.1833330    0.0000001  0
         0.5000000    0.0000000  0
         0.8166670   -0.0000001  0
         1.1333300   -0.0000001  0
        -0.1333330   -1.1200000  0
        -0.1333340   -1.4200000  0
         0.1833330   -1.1200000  0
         0.1833330   -1.4200000  0
         0.5000000   -1.1200000  0
         0.5000000   -1.4200000  0
         0.8166670   -1.1200000  0
         0.8166660   -1.4200000  0
         1.1333300   -1.1200000  0
         1.1333300   -1.4200000  0
        -0.1333330   -0.8200000  0
         0.1833330   -0.8200000  0
         0.5000000   -0.8200000  0
         0.8166670   -0.8200000  0
         1.1333300   -0.8200000  0
        -0.1333330   -0.5200000  0
         0.1833330   -0.5200000  0
         0.5000000   -0.5200000  0
         0.8166670   -0.5200000  0
         1.1333300   -0.5200000  0
        -0.1333330   -0.2200000  0
         0.1833330   -0.2200000  0
         0.5000000   -0.2200000  0
         0.8166670   -0.2200000  0
         1.1333300   -0.2200000  0
        -0.1333330   -1.3398900  0
        -0.1333340   -1.6398900  0
         0.1833330   -1.3398900  0
         0.1833330   -1.6398900  0
         0.5000000   -1.3398900  0
         0.5000000   -1.6398900  0
         0.8166670   -1.3398900  0
         0.8166660   -1.6398900  0
         1.1333300   -1.3398900  0
         1.1333300   -1.6398900  0
        -0.1333330   -1.0398901  0
         0.1833330   -1.0398901  0
         0.5000000   -1.0398901  0
         0.8166670   -1.0398901  0
         1.1333300   -1.0398901  0
        -0.1333330   -0.7398900  0
         0.1833330   -0.7398900  0
         0.5000000   -0.7398900  0
         0.8166670   -0.7398900  0
         1.1333300   -0.7398900  0
        -0.1333330   -0.4398900  0
         0.1833330   -0.4398900  0
         0.5000000   -0.4398900  0
         0.8166670   -0.4398900  0
         1.1333300   -0.4398900  0
        -0.1333330   -1.5606400  0
        -0.1333340   -1.8606400  0
         0.1833330   -1.5606400  0
         0.1833330   -1.8606400  0
         0.5000000   -1.5606400  0
         0.5000000   -1.8606400  0
         0.8166670   -1.5606400  0
         0.8166660   -1.8606400  0
         1.1333300   -1.5606400  0
         1.1333300   -1.8606400  0
        -0.1333330   -1.2606400  0
         0.1833330   -1.2606400  0
         0.5000000   -1.2606400  0
         0.8166670   -1.2606400  0
         1.1333300   -1.2606400  0
        -0.1333330   -0.9606370  0
         0.1833330   -0.9606370  0
         0.5000000   -0.9606370  0
         0.8166670   -0.9606370  0
         1.1333300   -0.9606380  0
        -0.1333330   -0.6606370  0
         0.1833330   -0.6606370  0
         0.5000000   -0.6606370  0
         0.8166670   -0.6606370  0
         1.1333300   -0.6606370  0
        -0.1333330   -1.7991400  0
        -0.1333340   -2.0991399  0
         0.1833330   -1.7991400  0
         0.1833330   -2.0991399  0
         0.5000000   -1.7991400  0
         0.5000000   -2.0991399  0
         0.8166670   -1.7991400  0
         0.8166660   -2.0991399  0
         1.1333300   -1.7991400  0
         1.1333300   -2.0991399  0
        -0.1333330   -1.4991400  0
         0.1833330   -1.4991400  0
         0.5000000   -1.4991400  0
         0.8166670   -1.4991400  0
         1.1333300   -1.4991400  0
        -0.1333330   -1.1991400  0
         0.1833330   -1.1991400  0
         0.5000000   -1.1991400  0
         0.8166670   -1.1991400  0
         1.1333300   -1.1991400  0
        -0.1333330   -0.8991410  0
         0.1833330   -0.8991410  0
         0.5000000   -0.8991420  0
         0.8166670   -0.8991420  0
         1.1333300   -0.8991420  0
  endnode
  node animmesh couds01
    parent animroot
    ambient 0.2 0.2 0.2
    diffuse 0.8 0.8 0.8
    specular 0 0 0
    shininess 1
    bitmap airship_clouds2
    verts 25
       -95.0000000  -45.0000000    0.0000000
       -95.0000000  -90.0000000    0.0000000
       -47.5000000  -45.0000000    0.0000000
       -47.5000000  -90.0000000    0.0000000
         0.0000000  -45.0000000    0.0000000
         0.0000000  -90.0000000    0.0000000
        47.5000000  -45.0000000    0.0000000
        47.5000000  -90.0000000    0.0000000
        95.0000000  -45.0000000    0.0000000
        95.0000000  -90.0000000    0.0000000
       -95.0000000    0.0000000    0.0000000
       -47.5000000    0.0000000    0.0000000
         0.0000000    0.0000000    0.0000000
        47.5000000    0.0000000    0.0000000
        95.0000000    0.0000000    0.0000000
       -95.0000000   45.0000000    0.0000000
       -47.5000000   45.0000000    0.0000000
         0.0000000   45.0000000    0.0000000
        47.5000000   45.0000000    0.0000000
        95.0000000   45.0000000    0.0000000
       -95.0000000   90.0000000    0.0000000
       -47.5000000   90.0000000    0.0000000
         0.0000000   90.0000000    0.0000000
        47.5000000   90.0000000    0.0000000
        95.0000000   90.0000000    0.0000000
    tverts 25
        -0.1333330    0.2000000  0
        -0.1333340   -0.0999998  0
         0.1833330    0.2000000  0
         0.1833330   -0.0999999  0
         0.5000000    0.2000000  0
         0.5000000   -0.1000000  0
         0.8166670    0.2000000  0
         0.8166660   -0.1000000  0
         1.1333300    0.2000000  0
         1.1333300   -0.1000000  0
        -0.1333330    0.5000000  0
         0.1833330    0.5000000  0
         0.5000000    0.5000000  0
         0.8166670    0.5000000  0
         1.1333300    0.5000000  0
        -0.1333330    0.8000000  0
         0.1833330    0.8000000  0
         0.5000000    0.8000000  0
         0.8166670    0.8000000  0
         1.1333300    0.8000000  0
        -0.1333330    1.1000000  0
         0.1833330    1.1000000  0
         0.5000000    1.1000000  0
         0.8166670    1.1000000  0
         1.1333300    1.1000000  0
    faces 32
       0  1  2  1   0  1  2   1
       3  2  1  1   3  2  1   1
       2  3  4  1   2  3  4   1
       5  4  3  1   5  4  3   1
       4  5  6  1   4  5  6   1
       7  6  5  1   7  6  5   1
       6  7  8  1   6  7  8   1
       9  8  7  1   9  8  7   1
      10  0 11  1  10  0 11   1
       2 11  0  1   2 11  0   1
      11  2 12  1  11  2 12   1
       4 12  2  1   4 12  2   1
      12  4 13  1  12  4 13   1
       6 13  4  1   6 13  4   1
      13  6 14  1  13  6 14   1
       8 14  6  1   8 14  6   1
      15 10 16  1  15 10 16   1
      11 16 10  1  11 16 10   1
      16 11 17  1  16 11 17   1
      12 17 11  1  12 17 11   1
      17 12 18  1  17 12 18   1
      13 18 12  1  13 18 12   1
      18 13 19  1  18 13 19   1
      14 19 13  1  14 19 13   1
      20 15 21  1  20 15 21   1
      16 21 15  1  16 21 15   1
      21 16 22  1  21 16 22   1
      17 22 16  1  17 22 16   1
      22 17 23  1  22 17 23   1
      18 23 17  1  18 23 17   1
      23 18 24  1  23 18 24   1
      19 24 18  1  19 24 18   1
    sampleperiod 0.737037
    animverts 250
       -95.0000000  -45.0000000    0.0000000
       -95.0000000  -90.0000000    0.0000000
       -47.5000000  -45.0000000    0.0000000
       -47.5000000  -90.0000000    0.0000000
         0.0000000  -45.0000000    0.0000000
         0.0000000  -90.0000000    0.0000000
        47.5000000  -45.0000000    0.0000000
        47.5000000  -90.0000000    0.0000000
        95.0000000  -45.0000000    0.0000000
        95.0000000  -90.0000000    0.0000000
       -95.0000000    0.0000000    0.0000000
       -47.5000000    0.0000000    0.0000000
         0.0000000    0.0000000    0.0000000
        47.5000000    0.0000000    0.0000000
        95.0000000    0.0000000    0.0000000
       -95.0000000   45.0000000    0.0000000
       -47.5000000   45.0000000    0.0000000
         0.0000000   45.0000000    0.0000000
        47.5000000   45.0000000    0.0000000
        95.0000000   45.0000000    0.0000000
       -95.0000000   90.0000000    0.0000000
       -47.5000000   90.0000000    0.0000000
         0.0000000   90.0000000    0.0000000
        47.5000000   90.0000000    0.0000000
        95.0000000   90.0000000    0.0000000
       -95.0000000  -45.0000000    0.0000000
       -95.0000000  -90.0000000    0.0000000
       -47.5000000  -45.0000000    0.0000000
       -47.5000000  -90.0000000    0.0000000
         0.0000000  -45.0000000    0.0000000
         0.0000000  -90.0000000    0.0000000
        47.5000000  -45.0000000    0.0000000
        47.5000000  -90.0000000    0.0000000
        95.0000000  -45.0000000    0.0000000
        95.0000000  -90.0000000    0.0000000
       -95.0000000    0.0000000    0.0000000
       -47.5000000    0.0000000    0.0000000
         0.0000000    0.0000000    0.0000000
        47.5000000    0.0000000    0.0000000
        95.0000000    0.0000000    0.0000000
       -95.0000000   45.0000000    0.0000000
       -47.5000000   45.0000000    0.0000000
         0.0000000   45.0000000    0.0000000
        47.5000000   45.0000000    0.0000000
        95.0000000   45.0000000    0.0000000
       -95.0000000   90.0000000    0.0000000
       -47.5000000   90.0000000    0.0000000
         0.0000000   90.0000000    0.0000000
        47.5000000   90.0000000    0.0000000
        95.0000000   90.0000000    0.0000000
       -95.0000000  -45.0000000    0.0000000
       -95.0000000  -90.0000000    0.0000000
       -47.5000000  -45.0000000    0.0000000
       -47.5000000  -90.0000000    0.0000000
         0.0000000  -45.0000000    0.0000000
         0.0000000  -90.0000000    0.0000000
        47.5000000  -45.0000000    0.0000000
        47.5000000  -90.0000000    0.0000000
        95.0000000  -45.0000000    0.0000000
        95.0000000  -90.0000000    0.0000000
       -95.0000000    0.0000000    0.0000000
       -47.5000000    0.0000000    0.0000000
         0.0000000    0.0000000    0.0000000
        47.5000000    0.0000000    0.0000000
        95.0000000    0.0000000    0.0000000
       -95.0000000   45.0000000    0.0000000
       -47.5000000   45.0000000    0.0000000
         0.0000000   45.0000000    0.0000000
        47.5000000   45.0000000    0.0000000
        95.0000000   45.0000000    0.0000000
       -95.0000000   90.0000000    0.0000000
       -47.5000000   90.0000000    0.0000000
         0.0000000   90.0000000    0.0000000
        47.5000000   90.0000000    0.0000000
        95.0000000   90.0000000    0.0000000
       -95.0000000  -45.0000000    0.0000000
       -95.0000000  -90.0000000    0.0000000
       -47.5000000  -45.0000000    0.0000000
       -47.5000000  -90.0000000    0.0000000
         0.0000000  -45.0000000    0.0000000
         0.0000000  -90.0000000    0.0000000
        47.5000000  -45.0000000    0.0000000
        47.5000000  -90.0000000    0.0000000
        95.0000000  -45.0000000    0.0000000
        95.0000000  -90.0000000    0.0000000
       -95.0000000    0.0000000    0.0000000
       -47.5000000    0.0000000    0.0000000
         0.0000000    0.0000000    0.0000000
        47.5000000    0.0000000    0.0000000
        95.0000000    0.0000000    0.0000000
       -95.0000000   45.0000000    0.0000000
       -47.5000000   45.0000000    0.0000000
         0.0000000   45.0000000    0.0000000
        47.5000000   45.0000000    0.0000000
        95.0000000   45.0000000    0.0000000
       -95.0000000   90.0000000    0.0000000
       -47.5000000   90.0000000    0.0000000
         0.0000000   90.0000000    0.0000000
        47.5000000   90.0000000    0.0000000
        95.0000000   90.0000000    0.0000000
       -95.0000000  -45.0000000    0.0000000
       -95.0000000  -90.0000000    0.0000000
       -47.5000000  -45.0000000    0.0000000
       -47.5000000  -90.0000000    0.0000000
         0.0000000  -45.0000000    0.0000000
         0.0000000  -90.0000000    0.0000000
        47.5000000  -45.0000000    0.0000000
        47.5000000  -90.0000000    0.0000000
        95.0000000  -45.0000000    0.0000000
        95.0000000  -90.0000000    0.0000000
       -95.0000000    0.0000000    0.0000000
       -47.5000000    0.0000000    0.0000000
         0.0000000    0.0000000    0.0000000
        47.5000000    0.0000000    0.0000000
        95.0000000    0.0000000    0.0000000
       -95.0000000   45.0000000    0.0000000
       -47.5000000   45.0000000    0.0000000
         0.0000000   45.0000000    0.0000000
        47.5000000   45.0000000    0.0000000
        95.0000000   45.0000000    0.0000000
       -95.0000000   90.0000000    0.0000000
       -47.5000000   90.0000000    0.0000000
         0.0000000   90.0000000    0.0000000
        47.5000000   90.0000000    0.0000000
        95.0000000   90.0000000    0.0000000
       -95.0000000  -45.0000000    0.0000000
       -95.0000000  -90.0000000    0.0000000
       -47.5000000  -45.0000000    0.0000000
       -47.5000000  -90.0000000    0.0000000
         0.0000000  -45.0000000    0.0000000
         0.0000000  -90.0000000    0.0000000
        47.5000000  -45.0000000    0.0000000
        47.5000000  -90.0000000    0.0000000
        95.0000000  -45.0000000    0.0000000
        95.0000000  -90.0000000    0.0000000
       -95.0000000    0.0000000    0.0000000
       -47.5000000    0.0000000    0.0000000
         0.0000000    0.0000000    0.0000000
        47.5000000    0.0000000    0.0000000
        95.0000000    0.0000000    0.0000000
       -95.0000000   45.0000000    0.0000000
       -47.5000000   45.0000000    0.0000000
         0.0000000   45.0000000    0.0000000
        47.5000000   45.0000000    0.0000000
        95.0000000   45.0000000    0.0000000
       -95.0000000   90.0000000    0.0000000
       -47.5000000   90.0000000    0.0000000
         0.0000000   90.0000000    0.0000000
        47.5000000   90.0000000    0.0000000
        95.0000000   90.0000000    0.0000000
       -95.0000000  -45.0000000    0.0000000
       -95.0000000  -90.0000000    0.0000000
       -47.5000000  -45.0000000    0.0000000
       -47.5000000  -90.0000000    0.0000000
         0.0000000  -45.0000000    0.0000000
         0.0000000  -90.0000000    0.0000000
        47.5000000  -45.0000000    0.0000000
        47.5000000  -90.0000000    0.0000000
        95.0000000  -45.0000000    0.0000000
        95.0000000  -90.0000000    0.0000000
       -95.0000000    0.0000000    0.0000000
       -47.5000000    0.0000000    0.0000000
         0.0000000    0.0000000    0.0000000
        47.5000000    0.0000000    0.0000000
        95.0000000    0.0000000    0.0000000
       -95.0000000   45.0000000    0.0000000
       -47.5000000   45.0000000    0.0000000
         0.0000000   45.0000000    0.0000000
        47.5000000   45.0000000    0.0000000
        95.0000000   45.0000000    0.0000000
       -95.0000000   90.0000000    0.0000000
       -47.5000000   90.0000000    0.0000000
         0.0000000   90.0000000    0.0000000
        47.5000000   90.0000000    0.0000000
        95.0000000   90.0000000    0.0000000
       -95.0000000  -45.0000000    0.0000000
       -95.0000000  -90.0000000    0.0000000
       -47.5000000  -45.0000000    0.0000000
       -47.5000000  -90.0000000    0.0000000
         0.0000000  -45.0000000    0.0000000
         0.0000000  -90.0000000    0.0000000
        47.5000000  -45.0000000    0.0000000
        47.5000000  -90.0000000    0.0000000
        95.0000000  -45.0000000    0.0000000
        95.0000000  -90.0000000    0.0000000
       -95.0000000    0.0000000    0.0000000
       -47.5000000    0.0000000    0.0000000
         0.0000000    0.0000000    0.0000000
        47.5000000    0.0000000    0.0000000
        95.0000000    0.0000000    0.0000000
       -95.0000000   45.0000000    0.0000000
       -47.5000000   45.0000000    0.0000000
         0.0000000   45.0000000    0.0000000
        47.5000000   45.0000000    0.0000000
        95.0000000   45.0000000    0.0000000
       -95.0000000   90.0000000    0.0000000
       -47.5000000   90.0000000    0.0000000
         0.0000000   90.0000000    0.0000000
        47.5000000   90.0000000    0.0000000
        95.0000000   90.0000000    0.0000000
       -95.0000000  -45.0000000    0.0000000
       -95.0000000  -90.0000000    0.0000000
       -47.5000000  -45.0000000    0.0000000
       -47.5000000  -90.0000000    0.0000000
         0.0000000  -45.0000000    0.0000000
         0.0000000  -90.0000000    0.0000000
        47.5000000  -45.0000000    0.0000000
        47.5000000  -90.0000000    0.0000000
        95.0000000  -45.0000000    0.0000000
        95.0000000  -90.0000000    0.0000000
       -95.0000000    0.0000000    0.0000000
       -47.5000000    0.0000000    0.0000000
         0.0000000    0.0000000    0.0000000
        47.5000000    0.0000000    0.0000000
        95.0000000    0.0000000    0.0000000
       -95.0000000   45.0000000    0.0000000
       -47.5000000   45.0000000    0.0000000
         0.0000000   45.0000000    0.0000000
        47.5000000   45.0000000    0.0000000
        95.0000000   45.0000000    0.0000000
       -95.0000000   90.0000000    0.0000000
       -47.5000000   90.0000000    0.0000000
         0.0000000   90.0000000    0.0000000
        47.5000000   90.0000000    0.0000000
        95.0000000   90.0000000    0.0000000
       -95.0000000  -45.0000000    0.0000000
       -95.0000000  -90.0000000    0.0000000
       -47.5000000  -45.0000000    0.0000000
       -47.5000000  -90.0000000    0.0000000
         0.0000000  -45.0000000    0.0000000
         0.0000000  -90.0000000    0.0000000
        47.5000000  -45.0000000    0.0000000
        47.5000000  -90.0000000    0.0000000
        95.0000000  -45.0000000    0.0000000
        95.0000000  -90.0000000    0.0000000
       -95.0000000    0.0000000    0.0000000
       -47.5000000    0.0000000    0.0000000
         0.0000000    0.0000000    0.0000000
        47.5000000    0.0000000    0.0000000
        95.0000000    0.0000000    0.0000000
       -95.0000000   45.0000000    0.0000000
       -47.5000000   45.0000000    0.0000000
         0.0000000   45.0000000    0.0000000
        47.5000000   45.0000000    0.0000000
        95.0000000   45.0000000    0.0000000
       -95.0000000   90.0000000    0.0000000
       -47.5000000   90.0000000    0.0000000
         0.0000000   90.0000000    0.0000000
        47.5000000   90.0000000    0.0000000
        95.0000000   90.0000000    0.0000000
    animtverts 250
        -0.1333330    0.2000000  0
        -0.1333340   -0.0999998  0
         0.1833330    0.2000000  0
         0.1833330   -0.0999999  0
         0.5000000    0.2000000  0
         0.5000000   -0.1000000  0
         0.8166670    0.2000000  0
         0.8166660   -0.1000000  0
         1.1333300    0.2000000  0
         1.1333300   -0.1000000  0
        -0.1333330    0.5000000  0
         0.1833330    0.5000000  0
         0.5000000    0.5000000  0
         0.8166670    0.5000000  0
         1.1333300    0.5000000  0
        -0.1333330    0.8000000  0
         0.1833330    0.8000000  0
         0.5000000    0.8000000  0
         0.8166670    0.8000000  0
         1.1333300    0.8000000  0
        -0.1333330    1.1000000  0
         0.1833330    1.1000000  0
         0.5000000    1.1000000  0
         0.8166670    1.1000000  0
         1.1333300    1.1000000  0
        -0.1333330    0.1244960  0
        -0.1333340   -0.1755040  0
         0.1833330    0.1244960  0
         0.1833330   -0.1755040  0
         0.5000000    0.1244960  0
         0.5000000   -0.1755040  0
         0.8166670    0.1244960  0
         0.8166660   -0.1755040  0
         1.1333300    0.1244960  0
         1.1333300   -0.1755040  0
        -0.1333330    0.4244960  0
         0.1833330    0.4244960  0
         0.5000000    0.4244960  0
         0.8166670    0.4244960  0
         1.1333300    0.4244960  0
        -0.1333330    0.7244960  0
         0.1833330    0.7244960  0
         0.5000000    0.7244960  0
         0.8166670    0.7244960  0
         1.1333300    0.7244960  0
        -0.1333330    1.0245000  0
         0.1833330    1.0245000  0
         0.5000000    1.0245000  0
         0.8166670    1.0245000  0
         1.1333300    1.0245000  0
        -0.1333330   -0.0168318  0
        -0.1333340   -0.3168320  0
         0.1833330   -0.0168319  0
         0.1833330   -0.3168320  0
         0.5000000   -0.0168320  0
         0.5000000   -0.3168320  0
         0.8166670   -0.0168321  0
         0.8166660   -0.3168320  0
         1.1333300   -0.0168321  0
         1.1333300   -0.3168320  0
        -0.1333330    0.2831680  0
         0.1833330    0.2831680  0
         0.5000000    0.2831680  0
         0.8166670    0.2831680  0
         1.1333300    0.2831680  0
        -0.1333330    0.5831680  0
         0.1833330    0.5831680  0
         0.5000000    0.5831680  0
         0.8166670    0.5831680  0
         1.1333300    0.5831680  0
        -0.1333330    0.8831680  0
         0.1833330    0.8831680  0
         0.5000000    0.8831680  0
         0.8166670    0.8831680  0
         1.1333300    0.8831680  0
        -0.1333330   -0.1300000  0
        -0.1333340   -0.4300000  0
         0.1833330   -0.1300000  0
         0.1833330   -0.4300000  0
         0.5000000   -0.1300000  0
         0.5000000   -0.4300000  0
         0.8166670   -0.1300000  0
         0.8166660   -0.4300000  0
         1.1333300   -0.1300000  0
         1.1333300   -0.4300000  0
        -0.1333330    0.1700000  0
         0.1833330    0.1700000  0
         0.5000000    0.1700000  0
         0.8166670    0.1700000  0
         1.1333300    0.1700000  0
        -0.1333330    0.4700000  0
         0.1833330    0.4700000  0
         0.5000000    0.4700000  0
         0.8166670    0.4700000  0
         1.1333300    0.4700000  0
        -0.1333330    0.7700000  0
         0.1833330    0.7700000  0
         0.5000000    0.7700000  0
         0.8166670    0.7700000  0
         1.1333300    0.7700000  0
        -0.1333330   -0.2400000  0
        -0.1333340   -0.5400000  0
         0.1833330   -0.2400000  0
         0.1833330   -0.5400000  0
         0.5000000   -0.2400000  0
         0.5000000   -0.5400000  0
         0.8166670   -0.2400000  0
         0.8166660   -0.5400000  0
         1.1333300   -0.2400000  0
         1.1333300   -0.5400000  0
        -0.1333330    0.0600002  0
         0.1833330    0.0600001  0
         0.5000000    0.0600000  0
         0.8166670    0.0599999  0
         1.1333300    0.0599999  0
        -0.1333330    0.3600000  0
         0.1833330    0.3600000  0
         0.5000000    0.3600000  0
         0.8166670    0.3600000  0
         1.1333300    0.3600000  0
        -0.1333330    0.6600000  0
         0.1833330    0.6600000  0
         0.5000000    0.6600000  0
         0.8166670    0.6600000  0
         1.1333300    0.6600000  0
        -0.1333330   -0.3499190  0
        -0.1333340   -0.6499190  0
         0.1833330   -0.3499190  0
         0.1833330   -0.6499190  0
         0.5000000   -0.3499190  0
         0.5000000   -0.6499190  0
         0.8166670   -0.3499190  0
         0.8166660   -0.6499190  0
         1.1333300   -0.3499190  0
         1.1333300   -0.6499190  0
        -0.1333330   -0.0499190  0
         0.1833330   -0.0499191  0
         0.5000000   -0.0499192  0
         0.8166670   -0.0499193  0
         1.1333300   -0.0499193  0
        -0.1333330    0.2500810  0
         0.1833330    0.2500810  0
         0.5000000    0.2500810  0
         0.8166670    0.2500810  0
         1.1333300    0.2500810  0
        -0.1333330    0.5500810  0
         0.1833330    0.5500810  0
         0.5000000    0.5500810  0
         0.8166670    0.5500810  0
         1.1333300    0.5500810  0
        -0.1333330   -0.4596270  0
        -0.1333340   -0.7596270  0
         0.1833330   -0.4596280  0
         0.1833330   -0.7596280  0
         0.5000000   -0.4596280  0
         0.5000000   -0.7596280  0
         0.8166670   -0.4596280  0
         0.8166660   -0.7596280  0
         1.1333300   -0.4596280  0
         1.1333300   -0.7596280  0
        -0.1333330   -0.1596270  0
         0.1833330   -0.1596280  0
         0.5000000   -0.1596280  0
         0.8166670   -0.1596280  0
         1.1333300   -0.1596280  0
        -0.1333330    0.1403730  0
         0.1833330    0.1403720  0
         0.5000000    0.1403720  0
         0.8166670    0.1403720  0
         1.1333300    0.1403720  0
        -0.1333330    0.4403730  0
         0.1833330    0.4403730  0
         0.5000000    0.4403720  0
         0.8166670    0.4403720  0
         1.1333300    0.4403720  0
        -0.1333330   -0.5717640  0
        -0.1333340   -0.8717640  0
         0.1833330   -0.5717640  0
         0.1833330   -0.8717640  0
         0.5000000   -0.5717640  0
         0.5000000   -0.8717640  0
         0.8166670   -0.5717640  0
         0.8166660   -0.8717640  0
         1.1333300   -0.5717640  0
         1.1333300   -0.8717640  0
        -0.1333330   -0.2717640  0
         0.1833330   -0.2717640  0
         0.5000000   -0.2717640  0
         0.8166670   -0.2717640  0
         1.1333300   -0.2717640  0
        -0.1333330    0.0282359  0
         0.1833330    0.0282358  0
         0.5000000    0.0282357  0
         0.8166670    0.0282357  0
         1.1333300    0.0282356  0
        -0.1333330    0.3282360  0
         0.1833330    0.3282360  0
         0.5000000    0.3282360  0
         0.8166670    0.3282360  0
         1.1333300    0.3282360  0
        -0.1333330   -0.7153970  0
        -0.1333340   -1.0154001  0
         0.1833330   -0.7153970  0
         0.1833330   -1.0154001  0
         0.5000000   -0.7153970  0
         0.5000000   -1.0154001  0
         0.8166670   -0.7153970  0
         0.8166660   -1.0154001  0
         1.1333300   -0.7153970  0
         1.1333300   -1.0154001  0
        -0.1333330   -0.4153970  0
         0.1833330   -0.4153970  0
         0.5000000   -0.4153970  0
         0.8166670   -0.4153970  0
         1.1333300   -0.4153970  0
        -0.1333330   -0.1153970  0
         0.1833330   -0.1153970  0
         0.5000000   -0.1153970  0
         0.8166670   -0.1153970  0
         1.1333300   -0.1153970  0
        -0.1333330    0.1846030  0
         0.1833330    0.1846030  0
         0.5000000    0.1846030  0
         0.8166670    0.1846030  0
         1.1333300    0.1846030  0
        -0.1333330   -0.7997930  0
        -0.1333340   -1.0997900  0
         0.1833330   -0.7997930  0
         0.1833330   -1.0997900  0
         0.5000000   -0.7997930  0
         0.5000000   -1.0997900  0
         0.8166670   -0.7997930  0
         0.8166660   -1.0997900  0
         1.1333300   -0.7997930  0
         1.1333300   -1.0997900  0
        -0.1333330   -0.4997930  0
         0.1833330   -0.4997930  0
         0.5000000   -0.4997930  0
         0.8166670   -0.4997930  0
         1.1333300   -0.4997930  0
        -0.1333330   -0.1997930  0
         0.1833330   -0.1997930  0
         0.5000000   -0.1997930  0
         0.8166670   -0.1997930  0
         1.1333300   -0.1997930  0
        -0.1333330    0.1002070  0
         0.1833330    0.1002070  0
         0.5000000    0.1002070  0
         0.8166670    0.1002070  0
         1.1333300    0.1002070  0
  endnode
  node animmesh couds02
    parent animroot
    ambient 0.2 0.2 0.2
    diffuse 0.8 0.8 0.8
    specular 0 0 0
    shininess 1
    bitmap airship_clouds3
    verts 25
       -95.0000000  -45.0000000    0.0000000
       -95.0000000  -90.0000000    0.0000000
       -47.5000000  -45.0000000    0.0000000
       -47.5000000  -90.0000000    0.0000000
         0.0000000  -45.0000000    0.0000000
         0.0000000  -90.0000000    0.0000000
        47.5000000  -45.0000000    0.0000000
        47.5000000  -90.0000000    0.0000000
        95.0000000  -45.0000000    0.0000000
        95.0000000  -90.0000000    0.0000000
       -95.0000000    0.0000000    0.0000000
       -47.5000000    0.0000000    0.0000000
         0.0000000    0.0000000    0.0000000
        47.5000000    0.0000000    0.0000000
        95.0000000    0.0000000    0.0000000
       -95.0000000   45.0000000    0.0000000
       -47.5000000   45.0000000    0.0000000
         0.0000000   45.0000000    0.0000000
        47.5000000   45.0000000    0.0000000
        95.0000000   45.0000000    0.0000000
       -95.0000000   90.0000000    0.0000000
       -47.5000000   90.0000000    0.0000000
         0.0000000   90.0000000    0.0000000
        47.5000000   90.0000000    0.0000000
        95.0000000   90.0000000    0.0000000
    tverts 25
        -0.1333330    0.2000000  0
        -0.1333340   -0.0999998  0
         0.1833330    0.2000000  0
         0.1833330   -0.0999999  0
         0.5000000    0.2000000  0
         0.5000000   -0.1000000  0
         0.8166670    0.2000000  0
         0.8166660   -0.1000000  0
         1.1333300    0.2000000  0
         1.1333300   -0.1000000  0
        -0.1333330    0.5000000  0
         0.1833330    0.5000000  0
         0.5000000    0.5000000  0
         0.8166670    0.5000000  0
         1.1333300    0.5000000  0
        -0.1333330    0.8000000  0
         0.1833330    0.8000000  0
         0.5000000    0.8000000  0
         0.8166670    0.8000000  0
         1.1333300    0.8000000  0
        -0.1333330    1.1000000  0
         0.1833330    1.1000000  0
         0.5000000    1.1000000  0
         0.8166670    1.1000000  0
         1.1333300    1.1000000  0
    faces 32
       0  1  2  1   0  1  2   1
       3  2  1  1   3  2  1   1
       2  3  4  1   2  3  4   1
       5  4  3  1   5  4  3   1
       4  5  6  1   4  5  6   1
       7  6  5  1   7  6  5   1
       6  7  8  1   6  7  8   1
       9  8  7  1   9  8  7   1
      10  0 11  1  10  0 11   1
       2 11  0  1   2 11  0   1
      11  2 12  1  11  2 12   1
       4 12  2  1   4 12  2   1
      12  4 13  1  12  4 13   1
       6 13  4  1   6 13  4   1
      13  6 14  1  13  6 14   1
       8 14  6  1   8 14  6   1
      15 10 16  1  15 10 16   1
      11 16 10  1  11 16 10   1
      16 11 17  1  16 11 17   1
      12 17 11  1  12 17 11   1
      17 12 18  1  17 12 18   1
      13 18 12  1  13 18 12   1
      18 13 19  1  18 13 19   1
      14 19 13  1  14 19 13   1
      20 15 21  1  20 15 21   1
      16 21 15  1  16 21 15   1
      21 16 22  1  21 16 22   1
      17 22 16  1  17 22 16   1
      22 17 23  1  22 17 23   1
      18 23 17  1  18 23 17   1
      23 18 24  1  23 18 24   1
      19 24 18  1  19 24 18   1
    sampleperiod 0.737037
    animverts 250
       -95.0000000  -45.0000000    0.0000000
       -95.0000000  -90.0000000    0.0000000
       -47.5000000  -45.0000000    0.0000000
       -47.5000000  -90.0000000    0.0000000
         0.0000000  -45.0000000    0.0000000
         0.0000000  -90.0000000    0.0000000
        47.5000000  -45.0000000    0.0000000
        47.5000000  -90.0000000    0.0000000
        95.0000000  -45.0000000    0.0000000
        95.0000000  -90.0000000    0.0000000
       -95.0000000    0.0000000    0.0000000
       -47.5000000    0.0000000    0.0000000
         0.0000000    0.0000000    0.0000000
        47.5000000    0.0000000    0.0000000
        95.0000000    0.0000000    0.0000000
       -95.0000000   45.0000000    0.0000000
       -47.5000000   45.0000000    0.0000000
         0.0000000   45.0000000    0.0000000
        47.5000000   45.0000000    0.0000000
        95.0000000   45.0000000    0.0000000
       -95.0000000   90.0000000    0.0000000
       -47.5000000   90.0000000    0.0000000
         0.0000000   90.0000000    0.0000000
        47.5000000   90.0000000    0.0000000
        95.0000000   90.0000000    0.0000000
       -95.0000000  -45.0000000    0.0000000
       -95.0000000  -90.0000000    0.0000000
       -47.5000000  -45.0000000    0.0000000
       -47.5000000  -90.0000000    0.0000000
         0.0000000  -45.0000000    0.0000000
         0.0000000  -90.0000000    0.0000000
        47.5000000  -45.0000000    0.0000000
        47.5000000  -90.0000000    0.0000000
        95.0000000  -45.0000000    0.0000000
        95.0000000  -90.0000000    0.0000000
       -95.0000000    0.0000000    0.0000000
       -47.5000000    0.0000000    0.0000000
         0.0000000    0.0000000    0.0000000
        47.5000000    0.0000000    0.0000000
        95.0000000    0.0000000    0.0000000
       -95.0000000   45.0000000    0.0000000
       -47.5000000   45.0000000    0.0000000
         0.0000000   45.0000000    0.0000000
        47.5000000   45.0000000    0.0000000
        95.0000000   45.0000000    0.0000000
       -95.0000000   90.0000000    0.0000000
       -47.5000000   90.0000000    0.0000000
         0.0000000   90.0000000    0.0000000
        47.5000000   90.0000000    0.0000000
        95.0000000   90.0000000    0.0000000
       -95.0000000  -45.0000000    0.0000000
       -95.0000000  -90.0000000    0.0000000
       -47.5000000  -45.0000000    0.0000000
       -47.5000000  -90.0000000    0.0000000
         0.0000000  -45.0000000    0.0000000
         0.0000000  -90.0000000    0.0000000
        47.5000000  -45.0000000    0.0000000
        47.5000000  -90.0000000    0.0000000
        95.0000000  -45.0000000    0.0000000
        95.0000000  -90.0000000    0.0000000
       -95.0000000    0.0000000    0.0000000
       -47.5000000    0.0000000    0.0000000
         0.0000000    0.0000000    0.0000000
        47.5000000    0.0000000    0.0000000
        95.0000000    0.0000000    0.0000000
       -95.0000000   45.0000000    0.0000000
       -47.5000000   45.0000000    0.0000000
         0.0000000   45.0000000    0.0000000
        47.5000000   45.0000000    0.0000000
        95.0000000   45.0000000    0.0000000
       -95.0000000   90.0000000    0.0000000
       -47.5000000   90.0000000    0.0000000
         0.0000000   90.0000000    0.0000000
        47.5000000   90.0000000    0.0000000
        95.0000000   90.0000000    0.0000000
       -95.0000000  -45.0000000    0.0000000
       -95.0000000  -90.0000000    0.0000000
       -47.5000000  -45.0000000    0.0000000
       -47.5000000  -90.0000000    0.0000000
         0.0000000  -45.0000000    0.0000000
         0.0000000  -90.0000000    0.0000000
        47.5000000  -45.0000000    0.0000000
        47.5000000  -90.0000000    0.0000000
        95.0000000  -45.0000000    0.0000000
        95.0000000  -90.0000000    0.0000000
       -95.0000000    0.0000000    0.0000000
       -47.5000000    0.0000000    0.0000000
         0.0000000    0.0000000    0.0000000
        47.5000000    0.0000000    0.0000000
        95.0000000    0.0000000    0.0000000
       -95.0000000   45.0000000    0.0000000
       -47.5000000   45.0000000    0.0000000
         0.0000000   45.0000000    0.0000000
        47.5000000   45.0000000    0.0000000
        95.0000000   45.0000000    0.0000000
       -95.0000000   90.0000000    0.0000000
       -47.5000000   90.0000000    0.0000000
         0.0000000   90.0000000    0.0000000
        47.5000000   90.0000000    0.0000000
        95.0000000   90.0000000    0.0000000
       -95.0000000  -45.0000000    0.0000000
       -95.0000000  -90.0000000    0.0000000
       -47.5000000  -45.0000000    0.0000000
       -47.5000000  -90.0000000    0.0000000
         0.0000000  -45.0000000    0.0000000
         0.0000000  -90.0000000    0.0000000
        47.5000000  -45.0000000    0.0000000
        47.5000000  -90.0000000    0.0000000
        95.0000000  -45.0000000    0.0000000
        95.0000000  -90.0000000    0.0000000
       -95.0000000    0.0000000    0.0000000
       -47.5000000    0.0000000    0.0000000
         0.0000000    0.0000000    0.0000000
        47.5000000    0.0000000    0.0000000
        95.0000000    0.0000000    0.0000000
       -95.0000000   45.0000000    0.0000000
       -47.5000000   45.0000000    0.0000000
         0.0000000   45.0000000    0.0000000
        47.5000000   45.0000000    0.0000000
        95.0000000   45.0000000    0.0000000
       -95.0000000   90.0000000    0.0000000
       -47.5000000   90.0000000    0.0000000
         0.0000000   90.0000000    0.0000000
        47.5000000   90.0000000    0.0000000
        95.0000000   90.0000000    0.0000000
       -95.0000000  -45.0000000    0.0000000
       -95.0000000  -90.0000000    0.0000000
       -47.5000000  -45.0000000    0.0000000
       -47.5000000  -90.0000000    0.0000000
         0.0000000  -45.0000000    0.0000000
         0.0000000  -90.0000000    0.0000000
        47.5000000  -45.0000000    0.0000000
        47.5000000  -90.0000000    0.0000000
        95.0000000  -45.0000000    0.0000000
        95.0000000  -90.0000000    0.0000000
       -95.0000000    0.0000000    0.0000000
       -47.5000000    0.0000000    0.0000000
         0.0000000    0.0000000    0.0000000
        47.5000000    0.0000000    0.0000000
        95.0000000    0.0000000    0.0000000
       -95.0000000   45.0000000    0.0000000
       -47.5000000   45.0000000    0.0000000
         0.0000000   45.0000000    0.0000000
        47.5000000   45.0000000    0.0000000
        95.0000000   45.0000000    0.0000000
       -95.0000000   90.0000000    0.0000000
       -47.5000000   90.0000000    0.0000000
         0.0000000   90.0000000    0.0000000
        47.5000000   90.0000000    0.0000000
        95.0000000   90.0000000    0.0000000
       -95.0000000  -45.0000000    0.0000000
       -95.0000000  -90.0000000    0.0000000
       -47.5000000  -45.0000000    0.0000000
       -47.5000000  -90.0000000    0.0000000
         0.0000000  -45.0000000    0.0000000
         0.0000000  -90.0000000    0.0000000
        47.5000000  -45.0000000    0.0000000
        47.5000000  -90.0000000    0.0000000
        95.0000000  -45.0000000    0.0000000
        95.0000000  -90.0000000    0.0000000
       -95.0000000    0.0000000    0.0000000
       -47.5000000    0.0000000    0.0000000
         0.0000000    0.0000000    0.0000000
        47.5000000    0.0000000    0.0000000
        95.0000000    0.0000000    0.0000000
       -95.0000000   45.0000000    0.0000000
       -47.5000000   45.0000000    0.0000000
         0.0000000   45.0000000    0.0000000
        47.5000000   45.0000000    0.0000000
        95.0000000   45.0000000    0.0000000
       -95.0000000   90.0000000    0.0000000
       -47.5000000   90.0000000    0.0000000
         0.0000000   90.0000000    0.0000000
        47.5000000   90.0000000    0.0000000
        95.0000000   90.0000000    0.0000000
       -95.0000000  -45.0000000    0.0000000
       -95.0000000  -90.0000000    0.0000000
       -47.5000000  -45.0000000    0.0000000
       -47.5000000  -90.0000000    0.0000000
         0.0000000  -45.0000000    0.0000000
         0.0000000  -90.0000000    0.0000000
        47.5000000  -45.0000000    0.0000000
        47.5000000  -90.0000000    0.0000000
        95.0000000  -45.0000000    0.0000000
        95.0000000  -90.0000000    0.0000000
       -95.0000000    0.0000000    0.0000000
       -47.5000000    0.0000000    0.0000000
         0.0000000    0.0000000    0.0000000
        47.5000000    0.0000000    0.0000000
        95.0000000    0.0000000    0.0000000
       -95.0000000   45.0000000    0.0000000
       -47.5000000   45.0000000    0.0000000
         0.0000000   45.0000000    0.0000000
        47.5000000   45.0000000    0.0000000
        95.0000000   45.0000000    0.0000000
       -95.0000000   90.0000000    0.0000000
       -47.5000000   90.0000000    0.0000000
         0.0000000   90.0000000    0.0000000
        47.5000000   90.0000000    0.0000000
        95.0000000   90.0000000    0.0000000
       -95.0000000  -45.0000000    0.0000000
       -95.0000000  -90.0000000    0.0000000
       -47.5000000  -45.0000000    0.0000000
       -47.5000000  -90.0000000    0.0000000
         0.0000000  -45.0000000    0.0000000
         0.0000000  -90.0000000    0.0000000
        47.5000000  -45.0000000    0.0000000
        47.5000000  -90.0000000    0.0000000
        95.0000000  -45.0000000    0.0000000
        95.0000000  -90.0000000    0.0000000
       -95.0000000    0.0000000    0.0000000
       -47.5000000    0.0000000    0.0000000
         0.0000000    0.0000000    0.0000000
        47.5000000    0.0000000    0.0000000
        95.0000000    0.0000000    0.0000000
       -95.0000000   45.0000000    0.0000000
       -47.5000000   45.0000000    0.0000000
         0.0000000   45.0000000    0.0000000
        47.5000000   45.0000000    0.0000000
        95.0000000   45.0000000    0.0000000
       -95.0000000   90.0000000    0.0000000
       -47.5000000   90.0000000    0.0000000
         0.0000000   90.0000000    0.0000000
        47.5000000   90.0000000    0.0000000
        95.0000000   90.0000000    0.0000000
       -95.0000000  -45.0000000    0.0000000
       -95.0000000  -90.0000000    0.0000000
       -47.5000000  -45.0000000    0.0000000
       -47.5000000  -90.0000000    0.0000000
         0.0000000  -45.0000000    0.0000000
         0.0000000  -90.0000000    0.0000000
        47.5000000  -45.0000000    0.0000000
        47.5000000  -90.0000000    0.0000000
        95.0000000  -45.0000000    0.0000000
        95.0000000  -90.0000000    0.0000000
       -95.0000000    0.0000000    0.0000000
       -47.5000000    0.0000000    0.0000000
         0.0000000    0.0000000    0.0000000
        47.5000000    0.0000000    0.0000000
        95.0000000    0.0000000    0.0000000
       -95.0000000   45.0000000    0.0000000
       -47.5000000   45.0000000    0.0000000
         0.0000000   45.0000000    0.0000000
        47.5000000   45.0000000    0.0000000
        95.0000000   45.0000000    0.0000000
       -95.0000000   90.0000000    0.0000000
       -47.5000000   90.0000000    0.0000000
         0.0000000   90.0000000    0.0000000
        47.5000000   90.0000000    0.0000000
        95.0000000   90.0000000    0.0000000
    animtverts 250
        -0.1333330    0.2000000  0
        -0.1333340   -0.0999998  0
         0.1833330    0.2000000  0
         0.1833330   -0.0999999  0
         0.5000000    0.2000000  0
         0.5000000   -0.1000000  0
         0.8166670    0.2000000  0
         0.8166660   -0.1000000  0
         1.1333300    0.2000000  0
         1.1333300   -0.1000000  0
        -0.1333330    0.5000000  0
         0.1833330    0.5000000  0
         0.5000000    0.5000000  0
         0.8166670    0.5000000  0
         1.1333300    0.5000000  0
        -0.1333330    0.8000000  0
         0.1833330    0.8000000  0
         0.5000000    0.8000000  0
         0.8166670    0.8000000  0
         1.1333300    0.8000000  0
        -0.1333330    1.1000000  0
         0.1833330    1.1000000  0
         0.5000000    1.1000000  0
         0.8166670    1.1000000  0
         1.1333300    1.1000000  0
        -0.1333330   -0.0168318  0
        -0.1333340   -0.3168320  0
         0.1833330   -0.0168319  0
         0.1833330   -0.3168320  0
         0.5000000   -0.0168320  0
         0.5000000   -0.3168320  0
         0.8166670   -0.0168321  0
         0.8166660   -0.3168320  0
         1.1333300   -0.0168321  0
         1.1333300   -0.3168320  0
        -0.1333330    0.2831680  0
         0.1833330    0.2831680  0
         0.5000000    0.2831680  0
         0.8166670    0.2831680  0
         1.1333300    0.2831680  0
        -0.1333330    0.5831680  0
         0.1833330    0.5831680  0
         0.5000000    0.5831680  0
         0.8166670    0.5831680  0
         1.1333300    0.5831680  0
        -0.1333330    0.8831680  0
         0.1833330    0.8831680  0
         0.5000000    0.8831680  0
         0.8166670    0.8831680  0
         1.1333300    0.8831680  0
        -0.1333330   -0.2400000  0
        -0.1333340   -0.5400000  0
         0.1833330   -0.2400000  0
         0.1833330   -0.5400000  0
         0.5000000   -0.2400000  0
         0.5000000   -0.5400000  0
         0.8166670   -0.2400000  0
         0.8166660   -0.5400000  0
         1.1333300   -0.2400000  0
         1.1333300   -0.5400000  0
        -0.1333330    0.0600002  0
         0.1833330    0.0600001  0
         0.5000000    0.0600000  0
         0.8166670    0.0599999  0
         1.1333300    0.0599999  0
        -0.1333330    0.3600000  0
         0.1833330    0.3600000  0
         0.5000000    0.3600000  0
         0.8166670    0.3600000  0
         1.1333300    0.3600000  0
        -0.1333330    0.6600000  0
         0.1833330    0.6600000  0
         0.5000000    0.6600000  0
         0.8166670    0.6600000  0
         1.1333300    0.6600000  0
        -0.1333330   -0.4600000  0
        -0.1333340   -0.7600000  0
         0.1833330   -0.4600000  0
         0.1833330   -0.7600000  0
         0.5000000   -0.4600000  0
         0.5000000   -0.7600000  0
         0.8166670   -0.4600000  0
         0.8166660   -0.7600000  0
         1.1333300   -0.4600000  0
         1.1333300   -0.7600000  0
        -0.1333330   -0.1600000  0
         0.1833330   -0.1600000  0
         0.5000000   -0.1600000  0
         0.8166670   -0.1600000  0
         1.1333300   -0.1600000  0
        -0.1333330    0.1400000  0
         0.1833330    0.1400000  0
         0.5000000    0.1400000  0
         0.8166670    0.1400000  0
         1.1333300    0.1400000  0
        -0.1333330    0.4400000  0
         0.1833330    0.4400000  0
         0.5000000    0.4400000  0
         0.8166670    0.4400000  0
         1.1333300    0.4400000  0
        -0.1333330   -0.6800000  0
        -0.1333340   -0.9800000  0
         0.1833330   -0.6800000  0
         0.1833330   -0.9800000  0
         0.5000000   -0.6800000  0
         0.5000000   -0.9800000  0
         0.8166670   -0.6800000  0
         0.8166660   -0.9800000  0
         1.1333300   -0.6800000  0
         1.1333300   -0.9800000  0
        -0.1333330   -0.3800000  0
         0.1833330   -0.3800000  0
         0.5000000   -0.3800000  0
         0.8166670   -0.3800000  0
         1.1333300   -0.3800000  0
        -0.1333330   -0.0799998  0
         0.1833330   -0.0799999  0
         0.5000000   -0.0800000  0
         0.8166670   -0.0800000  0
         1.1333300   -0.0800002  0
        -0.1333330    0.2200000  0
         0.1833330    0.2200000  0
         0.5000000    0.2200000  0
         0.8166670    0.2200000  0
         1.1333300    0.2200000  0
        -0.1333330   -0.9000000  0
        -0.1333340   -1.2000000  0
         0.1833330   -0.9000000  0
         0.1833330   -1.2000000  0
         0.5000000   -0.9000000  0
         0.5000000   -1.2000000  0
         0.8166670   -0.9000000  0
         0.8166660   -1.2000000  0
         1.1333300   -0.9000000  0
         1.1333300   -1.2000000  0
        -0.1333330   -0.6000000  0
         0.1833330   -0.6000000  0
         0.5000000   -0.6000000  0
         0.8166670   -0.6000000  0
         1.1333300   -0.6000000  0
        -0.1333330   -0.3000000  0
         0.1833330   -0.3000000  0
         0.5000000   -0.3000000  0
         0.8166670   -0.3000000  0
         1.1333300   -0.3000000  0
        -0.1333330    0.0000001  0
         0.1833330    0.0000001  0
         0.5000000    0.0000000  0
         0.8166670   -0.0000001  0
         1.1333300   -0.0000001  0
        -0.1333330   -1.1200000  0
        -0.1333340   -1.4200000  0
         0.1833330   -1.1200000  0
         0.1833330   -1.4200000  0
         0.5000000   -1.1200000  0
         0.5000000   -1.4200000  0
         0.8166670   -1.1200000  0
         0.8166660   -1.4200000  0
         1.1333300   -1.1200000  0
         1.1333300   -1.4200000  0
        -0.1333330   -0.8200000  0
         0.1833330   -0.8200000  0
         0.5000000   -0.8200000  0
         0.8166670   -0.8200000  0
         1.1333300   -0.8200000  0
        -0.1333330   -0.5200000  0
         0.1833330   -0.5200000  0
         0.5000000   -0.5200000  0
         0.8166670   -0.5200000  0
         1.1333300   -0.5200000  0
        -0.1333330   -0.2200000  0
         0.1833330   -0.2200000  0
         0.5000000   -0.2200000  0
         0.8166670   -0.2200000  0
         1.1333300   -0.2200000  0
        -0.1333330   -1.3398900  0
        -0.1333340   -1.6398900  0
         0.1833330   -1.3398900  0
         0.1833330   -1.6398900  0
         0.5000000   -1.3398900  0
         0.5000000   -1.6398900  0
         0.8166670   -1.3398900  0
         0.8166660   -1.6398900  0
         1.1333300   -1.3398900  0
         1.1333300   -1.6398900  0
        -0.1333330   -1.0398901  0
         0.1833330   -1.0398901  0
         0.5000000   -1.0398901  0
         0.8166670   -1.0398901  0
         1.1333300   -1.0398901  0
        -0.1333330   -0.7398900  0
         0.1833330   -0.7398900  0
         0.5000000   -0.7398900  0
         0.8166670   -0.7398900  0
         1.1333300   -0.7398900  0
        -0.1333330   -0.4398900  0
         0.1833330   -0.4398900  0
         0.5000000   -0.4398900  0
         0.8166670   -0.4398900  0
         1.1333300   -0.4398900  0
        -0.1333330   -1.5606400  0
        -0.1333340   -1.8606400  0
         0.1833330   -1.5606400  0
         0.1833330   -1.8606400  0
         0.5000000   -1.5606400  0
         0.5000000   -1.8606400  0
         0.8166670   -1.5606400  0
         0.8166660   -1.8606400  0
         1.1333300   -1.5606400  0
         1.1333300   -1.8606400  0
        -0.1333330   -1.2606400  0
         0.1833330   -1.2606400  0
         0.5000000   -1.2606400  0
         0.8166670   -1.2606400  0
         1.1333300   -1.2606400  0
        -0.1333330   -0.9606370  0
         0.1833330   -0.9606370  0
         0.5000000   -0.9606370  0
         0.8166670   -0.9606370  0
         1.1333300   -0.9606380  0
        -0.1333330   -0.6606370  0
         0.1833330   -0.6606370  0
         0.5000000   -0.6606370  0
         0.8166670   -0.6606370  0
         1.1333300   -0.6606370  0
        -0.1333330   -1.7991400  0
        -0.1333340   -2.0991399  0
         0.1833330   -1.7991400  0
         0.1833330   -2.0991399  0
         0.5000000   -1.7991400  0
         0.5000000   -2.0991399  0
         0.8166670   -1.7991400  0
         0.8166660   -2.0991399  0
         1.1333300   -1.7991400  0
         1.1333300   -2.0991399  0
        -0.1333330   -1.4991400  0
         0.1833330   -1.4991400  0
         0.5000000   -1.4991400  0
         0.8166670   -1.4991400  0
         1.1333300   -1.4991400  0
        -0.1333330   -1.1991400  0
         0.1833330   -1.1991400  0
         0.5000000   -1.1991400  0
         0.8166670   -1.1991400  0
         1.1333300   -1.1991400  0
        -0.1333330   -0.8991410  0
         0.1833330   -0.8991410  0
         0.5000000   -0.8991420  0
         0.8166670   -0.8991420  0
         1.1333300   -0.8991420  0
  endnode
  node trimesh NGon01
    parent plc_seatrvl4a
    ambient 0.2 0.2 0.2
    diffuse 0.8 0.8 0.8
    specular 0 0 0
    shininess 1
  endnode
doneanim default plc_seatrvl4a

donemodel plc_seatrvl4a
